--- Maze 1 ---
Size: 4x4
Start: (2, 1), Goal: (3, 1)
Scenario: Random_0.1D

[[0, 0, 0, 0],
 [0, 0, 1, 0],
 [0, 0, 0, 0],
 [0, 0, 0, 0]]

--- Maze 2 ---
Size: 4x4
Start: (3, 1), Goal: (3, 2)
Scenario: Random_0.1D

[[0, 0, 1, 0],
 [0, 0, 0, 0],
 [0, 0, 0, 0],
 [0, 0, 0, 0]]

--- Maze 3 ---
Size: 4x4
Start: (0, 1), Goal: (3, 2)
Scenario: Random_0.1D

[[0, 0, 0, 0],
 [0, 1, 0, 0],
 [0, 0, 0, 0],
 [0, 0, 0, 0]]

--- Maze 4 ---
Size: 4x4
Start: (3, 2), Goal: (1, 1)
Scenario: Random_0.2D

[[1, 0, 0, 0],
 [0, 0, 0, 0],
 [1, 0, 1, 0],
 [0, 0, 0, 0]]

--- Maze 5 ---
Size: 4x4
Start: (1, 1), Goal: (3, 1)
Scenario: Random_0.2D

[[0, 0, 0, 1],
 [0, 0, 0, 1],
 [0, 0, 1, 0],
 [0, 0, 0, 0]]

--- Maze 6 ---
Size: 4x4
Start: (0, 2), Goal: (2, 0)
Scenario: Random_0.2D

[[0, 1, 0, 0],
 [0, 0, 0, 0],
 [0, 1, 0, 0],
 [0, 0, 0, 0]]

--- Maze 7 ---
Size: 4x4
Start: (1, 3), Goal: (0, 3)
Scenario: Random_0.3D

[[0, 1, 1, 0],
 [0, 0, 0, 0],
 [0, 0, 0, 0],
 [0, 1, 0, 0]]

--- Maze 8 ---
Size: 4x4
Start: (1, 1), Goal: (0, 0)
Scenario: Random_0.3D

[[0, 0, 0, 0],
 [0, 0, 1, 0],
 [0, 0, 0, 1],
 [1, 0, 0, 0]]

--- Maze 9 ---
Size: 4x4
Start: (2, 3), Goal: (1, 2)
Scenario: Random_0.3D

[[1, 1, 1, 1],
 [0, 0, 0, 0],
 [0, 0, 0, 0],
 [0, 0, 0, 0]]

--- Maze 10 ---
Size: 8x8
Start: (1, 4), Goal: (1, 6)
Scenario: Random_0.1D

[[0, 0, 0, 1, 0, 0, 0, 0],
 [0, 0, 0, 0, 0, 0, 0, 0],
 [1, 0, 0, 0, 0, 0, 0, 0],
 [0, 0, 0, 0, 0, 0, 0, 0],
 [0, 0, 1, 0, 0, 0, 0, 0],
 [1, 0, 0, 1, 0, 0, 0, 0],
 [0, 0, 0, 0, 0, 0, 1, 0],
 [0, 0, 0, 0, 0, 0, 0, 0]]

--- Maze 11 ---
Size: 8x8
Start: (4, 0), Goal: (6, 5)
Scenario: Random_0.1D

[[0, 0, 0, 0, 0, 0, 0, 0],
 [0, 0, 0, 0, 0, 0, 1, 0],
 [0, 0, 0, 0, 0, 0, 1, 0],
 [0, 0, 0, 0, 0, 1, 0, 0],
 [0, 0, 0, 0, 0, 0, 0, 0],
 [0, 0, 0, 0, 1, 0, 0, 0],
 [0, 0, 0, 0, 0, 0, 0, 0],
 [0, 0, 1, 0, 0, 1, 0, 0]]

--- Maze 12 ---
Size: 8x8
Start: (2, 7), Goal: (6, 1)
Scenario: Random_0.1D

[[0, 0, 0, 0, 0, 1, 0, 0],
 [0, 0, 0, 0, 0, 0, 0, 0],
 [0, 0, 0, 0, 0, 1, 0, 0],
 [0, 0, 0, 0, 0, 0, 0, 1],
 [0, 0, 0, 0, 0, 0, 0, 0],
 [0, 0, 0, 0, 0, 0, 0, 0],
 [0, 0, 1, 0, 0, 0, 1, 0],
 [0, 0, 0, 0, 0, 0, 0, 0]]

--- Maze 13 ---
Size: 8x8
Start: (1, 2), Goal: (0, 2)
Scenario: Random_0.2D

[[0, 0, 0, 1, 0, 0, 0, 0],
 [0, 0, 0, 1, 0, 0, 0, 0],
 [0, 0, 0, 0, 0, 0, 0, 0],
 [0, 0, 0, 0, 1, 1, 0, 0],
 [0, 0, 0, 0, 0, 0, 0, 0],
 [0, 0, 0, 0, 1, 1, 0, 0],
 [0, 0, 0, 1, 1, 0, 0, 1],
 [1, 0, 0, 0, 0, 1, 1, 0]]

--- Maze 14 ---
Size: 8x8
Start: (1, 7), Goal: (7, 7)
Scenario: Random_0.2D

[[1, 0, 0, 0, 1, 0, 0, 0],
 [0, 0, 1, 0, 0, 0, 0, 0],
 [0, 0, 0, 1, 0, 0, 1, 1],
 [0, 0, 0, 0, 0, 0, 0, 0],
 [0, 0, 0, 1, 0, 0, 0, 0],
 [1, 0, 0, 0, 0, 0, 0, 0],
 [0, 0, 0, 0, 0, 0, 0, 0],
 [0, 0, 1, 0, 1, 0, 0, 0]]

--- Maze 15 ---
Size: 8x8
Start: (1, 5), Goal: (4, 1)
Scenario: Random_0.2D

[[0, 0, 0, 1, 0, 1, 0, 0],
 [0, 0, 1, 1, 0, 0, 0, 0],
 [0, 0, 0, 0, 0, 0, 0, 0],
 [0, 0, 0, 0, 1, 0, 0, 0],
 [0, 0, 0, 1, 0, 1, 0, 0],
 [0, 0, 0, 0, 0, 0, 0, 1],
 [0, 0, 0, 0, 0, 0, 0, 0],
 [0, 0, 1, 0, 1, 1, 0, 0]]

--- Maze 16 ---
Size: 8x8
Start: (3, 4), Goal: (6, 1)
Scenario: Random_0.3D

[[0, 0, 0, 0, 0, 0, 0, 0],
 [1, 0, 0, 0, 0, 1, 0, 0],
 [1, 0, 0, 1, 0, 1, 1, 1],
 [0, 0, 0, 0, 0, 0, 0, 0],
 [0, 1, 1, 0, 0, 0, 1, 0],
 [0, 0, 1, 0, 0, 0, 0, 0],
 [1, 0, 0, 0, 0, 1, 1, 1],
 [0, 0, 0, 0, 0, 0, 0, 0]]

--- Maze 17 ---
Size: 8x8
Start: (6, 6), Goal: (3, 3)
Scenario: Random_0.3D

[[0, 1, 0, 0, 0, 0, 0, 0],
 [1, 0, 0, 0, 0, 1, 1, 0],
 [1, 0, 1, 1, 0, 1, 0, 0],
 [1, 0, 0, 0, 1, 0, 0, 1],
 [1, 1, 1, 0, 0, 0, 0, 0],
 [0, 0, 0, 0, 0, 0, 0, 0],
 [0, 0, 1, 0, 0, 0, 0, 0],
 [0, 0, 1, 0, 0, 0, 0, 0]]

--- Maze 18 ---
Size: 8x8
Start: (0, 3), Goal: (5, 2)
Scenario: Random_0.3D

[[0, 1, 1, 0, 1, 0, 1, 0],
 [0, 1, 0, 0, 1, 0, 0, 0],
 [0, 0, 0, 0, 0, 0, 0, 0],
 [0, 0, 0, 0, 0, 0, 1, 0],
 [1, 0, 0, 0, 1, 1, 1, 0],
 [0, 0, 0, 0, 0, 0, 0, 1],
 [0, 1, 0, 0, 1, 0, 0, 0],
 [0, 1, 0, 0, 0, 0, 0, 0]]

--- Maze 19 ---
Size: 16x16
Start: (13, 4), Goal: (13, 10)
Scenario: Random_0.1D

[[0, 0, 0, 0, 0, 0, 0, 1, 0, 0, 0, 0, 0, 0, 0, 0],
 [0, 1, 0, 0, 0, 0, 0, 1, 0, 0, 0, 0, 0, 0, 0, 0],
 [0, 0, 0, 1, 0, 0, 0, 0, 0, 0, 1, 0, 0, 0, 0, 0],
 [0, 0, 0, 0, 0, 0, 0, 0, 0, 0, 0, 0, 0, 0, 0, 0],
 [0, 1, 1, 0, 0, 0, 0, 0, 0, 0, 0, 0, 0, 0, 0, 0],
 [0, 1, 1, 0, 0, 0, 0, 0, 0, 0, 0, 0, 0, 0, 0, 0],
 [0, 0, 0, 0, 0, 0, 1, 0, 0, 0, 1, 0, 0, 0, 0, 0],
 [0, 1, 0, 0, 0, 0, 0, 0, 0, 1, 0, 0, 0, 0, 0, 0],
 [0, 0, 0, 0, 0, 0, 0, 0, 0, 0, 0, 0, 0, 0, 0, 0],
 [0, 0, 0, 0, 0, 0, 0, 0, 0, 0, 1, 1, 0, 0, 0, 0],
 [0, 0, 0, 0, 0, 0, 0, 0, 0, 0, 0, 0, 0, 0, 0, 0],
 [0, 0, 0, 0, 0, 0, 0, 0, 0, 1, 1, 0, 0, 0, 0, 0],
 [0, 0, 0, 0, 0, 0, 0, 0, 0, 0, 0, 1, 0, 0, 0, 0],
 [1, 0, 0, 0, 0, 0, 0, 0, 0, 0, 0, 0, 0, 0, 0, 0],
 [1, 1, 0, 0, 0, 0, 0, 0, 0, 1, 0, 0, 0, 0, 0, 0],
 [0, 0, 0, 1, 0, 0, 0, 0, 0, 0, 0, 0, 0, 0, 0, 0]]

--- Maze 20 ---
Size: 16x16
Start: (1, 0), Goal: (15, 9)
Scenario: Random_0.1D

[[0, 0, 0, 0, 0, 0, 0, 1, 0, 0, 1, 0, 0, 0, 0, 1],
 [0, 0, 0, 0, 0, 0, 1, 1, 0, 0, 0, 0, 0, 0, 0, 0],
 [0, 1, 0, 1, 0, 0, 0, 0, 0, 0, 0, 0, 0, 0, 0, 0],
 [1, 0, 0, 0, 0, 0, 0, 0, 1, 0, 0, 0, 0, 0, 0, 0],
 [0, 0, 1, 0, 0, 0, 0, 0, 0, 0, 0, 0, 0, 1, 0, 0],
 [0, 0, 0, 0, 0, 0, 0, 0, 0, 0, 0, 0, 1, 0, 0, 0],
 [0, 0, 0, 0, 0, 1, 0, 0, 0, 1, 1, 0, 0, 0, 0, 0],
 [0, 0, 0, 0, 0, 0, 0, 0, 0, 0, 0, 0, 0, 1, 0, 0],
 [0, 0, 0, 0, 1, 0, 0, 0, 0, 0, 0, 0, 0, 0, 0, 0],
 [0, 1, 0, 0, 0, 0, 0, 0, 0, 0, 0, 0, 0, 0, 0, 0],
 [0, 0, 0, 0, 0, 0, 0, 0, 0, 1, 0, 0, 0, 0, 0, 0],
 [0, 0, 0, 0, 0, 0, 0, 0, 0, 0, 0, 0, 0, 0, 0, 0],
 [0, 0, 0, 1, 0, 0, 0, 0, 0, 0, 0, 0, 0, 0, 0, 0],
 [0, 0, 0, 0, 0, 0, 0, 0, 0, 0, 0, 0, 0, 1, 0, 0],
 [0, 0, 0, 0, 0, 0, 0, 0, 0, 0, 0, 0, 0, 1, 0, 0],
 [0, 0, 0, 0, 0, 0, 0, 0, 0, 0, 0, 0, 1, 0, 0, 0]]

--- Maze 21 ---
Size: 16x16
Start: (15, 6), Goal: (5, 12)
Scenario: Random_0.1D

[[0, 0, 0, 0, 0, 0, 0, 0, 0, 0, 0, 0, 0, 0, 0, 0],
 [0, 1, 0, 0, 0, 0, 0, 0, 0, 0, 0, 1, 0, 0, 0, 0],
 [0, 0, 0, 0, 0, 0, 1, 0, 0, 0, 0, 0, 0, 0, 0, 0],
 [0, 0, 0, 0, 0, 0, 0, 0, 0, 1, 0, 0, 0, 0, 0, 0],
 [0, 0, 0, 0, 0, 0, 0, 0, 0, 0, 0, 0, 0, 0, 1, 0],
 [0, 0, 0, 0, 0, 1, 0, 0, 0, 0, 0, 0, 0, 0, 0, 1],
 [1, 0, 0, 0, 0, 0, 0, 0, 0, 0, 0, 0, 0, 0, 0, 0],
 [0, 0, 0, 0, 0, 0, 0, 0, 0, 0, 1, 0, 0, 0, 1, 0],
 [0, 0, 0, 0, 0, 0, 0, 0, 0, 0, 0, 0, 0, 0, 0, 0],
 [0, 0, 1, 0, 0, 0, 0, 0, 0, 0, 0, 0, 0, 0, 0, 0],
 [0, 1, 0, 0, 0, 1, 1, 1, 0, 0, 0, 0, 0, 1, 1, 0],
 [0, 1, 0, 0, 0, 0, 0, 0, 0, 0, 0, 0, 0, 0, 0, 0],
 [0, 0, 0, 0, 0, 0, 0, 0, 0, 0, 0, 1, 0, 0, 0, 0],
 [1, 1, 0, 0, 0, 1, 1, 0, 0, 0, 0, 0, 0, 0, 0, 0],
 [0, 0, 0, 1, 0, 0, 0, 0, 1, 0, 0, 0, 0, 0, 0, 0],
 [0, 0, 0, 0, 0, 0, 0, 0, 0, 0, 0, 0, 0, 0, 0, 0]]

--- Maze 22 ---
Size: 16x16
Start: (5, 11), Goal: (10, 3)
Scenario: Random_0.2D

[[0, 0, 0, 0, 0, 0, 0, 0, 0, 0, 1, 0, 0, 0, 0, 0],
 [0, 1, 0, 0, 0, 0, 0, 1, 0, 0, 1, 0, 0, 0, 0, 0],
 [0, 0, 0, 0, 0, 1, 0, 0, 1, 0, 0, 0, 0, 0, 0, 0],
 [0, 0, 0, 0, 0, 0, 0, 0, 0, 0, 0, 0, 1, 0, 1, 0],
 [0, 0, 0, 1, 1, 0, 0, 0, 0, 0, 1, 0, 0, 0, 1, 0],
 [0, 0, 0, 0, 1, 0, 1, 0, 0, 0, 0, 0, 0, 0, 0, 0],
 [0, 1, 0, 1, 0, 1, 0, 0, 0, 1, 1, 0, 0, 0, 0, 0],
 [0, 0, 0, 0, 0, 1, 0, 0, 0, 0, 0, 0, 0, 0, 0, 1],
 [0, 0, 0, 0, 0, 0, 0, 0, 0, 0, 0, 0, 0, 0, 0, 0],
 [0, 1, 0, 1, 0, 0, 0, 0, 0, 0, 0, 1, 1, 0, 1, 0],
 [0, 1, 0, 0, 0, 0, 0, 1, 1, 0, 0, 0, 0, 0, 0, 0],
 [1, 1, 0, 0, 0, 0, 1, 0, 0, 0, 0, 1, 1, 0, 0, 0],
 [0, 1, 0, 0, 0, 0, 1, 0, 0, 0, 0, 0, 0, 1, 0, 0],
 [0, 0, 0, 1, 0, 0, 0, 0, 1, 0, 0, 1, 0, 0, 1, 0],
 [0, 1, 0, 0, 0, 0, 0, 0, 1, 0, 0, 0, 1, 0, 0, 0],
 [0, 0, 0, 0, 0, 1, 0, 0, 1, 1, 0, 0, 0, 0, 0, 0]]

--- Maze 23 ---
Size: 16x16
Start: (8, 3), Goal: (13, 11)
Scenario: Random_0.2D

[[0, 0, 0, 0, 0, 0, 1, 1, 1, 1, 0, 0, 0, 0, 0, 1],
 [0, 0, 0, 0, 0, 0, 0, 0, 0, 0, 1, 0, 0, 0, 0, 0],
 [0, 0, 0, 0, 0, 0, 1, 0, 1, 1, 0, 0, 0, 1, 0, 0],
 [1, 0, 1, 0, 0, 1, 0, 0, 0, 0, 0, 0, 0, 0, 0, 1],
 [1, 0, 0, 1, 0, 1, 0, 1, 1, 0, 0, 0, 1, 0, 0, 0],
 [0, 0, 0, 0, 1, 0, 0, 0, 0, 0, 0, 1, 0, 0, 0, 0],
 [1, 0, 0, 0, 0, 1, 0, 0, 0, 1, 0, 1, 1, 0, 0, 0],
 [1, 0, 1, 0, 0, 0, 0, 0, 0, 1, 0, 0, 0, 0, 0, 1],
 [0, 0, 0, 0, 0, 0, 1, 0, 0, 0, 0, 0, 0, 0, 1, 0],
 [1, 0, 0, 0, 0, 0, 1, 0, 0, 0, 0, 1, 0, 0, 0, 0],
 [0, 0, 0, 0, 0, 0, 0, 0, 0, 0, 0, 0, 0, 1, 0, 0],
 [1, 0, 0, 0, 0, 0, 0, 0, 1, 0, 0, 1, 1, 0, 1, 0],
 [0, 0, 0, 0, 0, 0, 0, 0, 1, 0, 1, 0, 0, 0, 0, 0],
 [0, 0, 0, 0, 0, 0, 1, 0, 0, 0, 0, 0, 0, 0, 0, 0],
 [0, 0, 0, 0, 1, 0, 0, 0, 0, 0, 0, 0, 0, 0, 0, 0],
 [0, 0, 0, 1, 0, 0, 0, 0, 0, 0, 0, 1, 0, 0, 0, 0]]

--- Maze 24 ---
Size: 16x16
Start: (5, 13), Goal: (0, 3)
Scenario: Random_0.2D

[[0, 0, 0, 0, 0, 1, 0, 0, 1, 1, 0, 1, 0, 0, 0, 1],
 [0, 0, 0, 1, 0, 0, 1, 0, 1, 0, 0, 0, 0, 0, 1, 0],
 [0, 0, 0, 1, 0, 1, 0, 0, 0, 0, 0, 0, 0, 0, 1, 0],
 [0, 0, 0, 0, 0, 0, 0, 0, 1, 0, 1, 0, 0, 0, 0, 0],
 [0, 0, 1, 0, 0, 0, 0, 0, 1, 0, 0, 0, 0, 0, 0, 1],
 [0, 0, 0, 0, 0, 1, 0, 0, 0, 0, 0, 0, 1, 0, 0, 0],
 [0, 0, 0, 0, 0, 0, 0, 1, 0, 1, 0, 0, 0, 0, 0, 1],
 [0, 0, 0, 0, 0, 0, 1, 0, 1, 0, 0, 0, 0, 0, 0, 0],
 [1, 1, 0, 1, 1, 0, 0, 0, 0, 0, 0, 0, 0, 0, 0, 0],
 [0, 0, 1, 0, 0, 0, 0, 1, 0, 0, 1, 0, 0, 0, 0, 0],
 [1, 0, 0, 0, 1, 0, 0, 0, 0, 0, 0, 0, 0, 0, 0, 0],
 [0, 1, 0, 0, 0, 0, 0, 0, 0, 0, 0, 0, 1, 0, 0, 0],
 [0, 0, 0, 0, 0, 0, 0, 0, 0, 0, 0, 0, 0, 1, 1, 1],
 [0, 0, 0, 0, 0, 0, 1, 0, 0, 0, 0, 0, 0, 1, 0, 0],
 [0, 0, 0, 0, 0, 1, 0, 0, 0, 0, 1, 0, 1, 1, 1, 1],
 [0, 0, 0, 0, 0, 0, 0, 0, 0, 0, 1, 0, 0, 1, 0, 0]]

--- Maze 25 ---
Size: 16x16
Start: (7, 0), Goal: (10, 0)
Scenario: Random_0.3D

[[1, 0, 0, 0, 0, 0, 0, 1, 0, 1, 0, 0, 0, 0, 1, 1],
 [1, 1, 0, 0, 0, 1, 1, 0, 0, 0, 0, 0, 0, 0, 0, 0],
 [0, 0, 0, 0, 1, 0, 0, 0, 1, 0, 1, 0, 0, 1, 0, 1],
 [0, 1, 0, 0, 0, 0, 0, 0, 0, 1, 0, 0, 1, 0, 0, 0],
 [0, 0, 1, 1, 1, 1, 0, 1, 0, 0, 0, 0, 0, 0, 0, 0],
 [0, 0, 0, 0, 1, 1, 0, 0, 0, 1, 0, 0, 0, 1, 0, 0],
 [1, 0, 0, 1, 1, 1, 0, 0, 0, 0, 1, 0, 0, 1, 1, 0],
 [0, 1, 0, 0, 0, 0, 0, 1, 1, 1, 0, 0, 1, 0, 0, 0],
 [0, 0, 0, 1, 0, 0, 0, 0, 0, 0, 0, 0, 0, 1, 1, 0],
 [1, 0, 0, 1, 0, 1, 0, 1, 0, 1, 0, 0, 0, 0, 0, 0],
 [0, 0, 0, 0, 0, 0, 0, 0, 0, 0, 0, 0, 0, 0, 0, 0],
 [0, 0, 0, 0, 1, 1, 1, 1, 0, 0, 0, 0, 0, 0, 1, 0],
 [0, 0, 0, 0, 0, 1, 0, 0, 1, 0, 0, 0, 0, 0, 0, 0],
 [0, 1, 0, 0, 1, 0, 0, 0, 0, 1, 0, 0, 0, 0, 0, 0],
 [0, 0, 1, 0, 0, 0, 1, 1, 0, 0, 0, 0, 1, 1, 0, 0],
 [1, 0, 0, 0, 0, 0, 0, 1, 0, 1, 0, 1, 0, 1, 0, 0]]

--- Maze 26 ---
Size: 16x16
Start: (5, 4), Goal: (2, 2)
Scenario: Random_0.3D

[[0, 0, 0, 0, 0, 1, 0, 0, 1, 0, 0, 0, 0, 0, 0, 0],
 [1, 0, 1, 0, 1, 0, 1, 1, 0, 0, 0, 0, 0, 0, 0, 0],
 [0, 0, 0, 0, 0, 1, 0, 0, 0, 1, 0, 0, 0, 0, 0, 1],
 [0, 0, 0, 0, 0, 1, 1, 0, 0, 1, 0, 0, 0, 0, 1, 0],
 [0, 1, 0, 1, 1, 0, 0, 0, 0, 0, 0, 1, 0, 0, 0, 1],
 [1, 0, 0, 0, 0, 0, 0, 0, 1, 0, 0, 1, 1, 0, 0, 0],
 [1, 0, 1, 0, 0, 0, 1, 0, 0, 1, 1, 1, 0, 0, 0, 0],
 [0, 0, 0, 0, 0, 0, 0, 0, 0, 0, 0, 0, 0, 0, 1, 0],
 [0, 0, 0, 0, 1, 1, 1, 0, 1, 0, 0, 0, 0, 0, 0, 1],
 [0, 1, 0, 1, 0, 1, 1, 0, 1, 1, 0, 0, 0, 1, 1, 0],
 [1, 0, 0, 0, 1, 0, 1, 1, 1, 0, 0, 0, 0, 0, 0, 0],
 [0, 1, 0, 0, 0, 0, 0, 0, 0, 0, 0, 0, 0, 0, 0, 0],
 [0, 0, 0, 0, 0, 0, 1, 0, 0, 0, 1, 0, 1, 1, 1, 0],
 [0, 0, 1, 1, 0, 0, 0, 0, 0, 1, 0, 0, 1, 0, 0, 1],
 [1, 0, 0, 0, 0, 0, 0, 0, 1, 0, 0, 0, 0, 0, 1, 1],
 [0, 0, 0, 0, 1, 0, 0, 0, 0, 0, 1, 0, 1, 0, 0, 1]]

--- Maze 27 ---
Size: 16x16
Start: (4, 12), Goal: (9, 8)
Scenario: Random_0.3D

[[0, 0, 0, 0, 1, 1, 0, 0, 0, 0, 1, 0, 0, 0, 0, 0],
 [1, 0, 1, 1, 0, 0, 1, 0, 0, 0, 0, 0, 1, 1, 0, 0],
 [0, 0, 0, 1, 0, 1, 0, 0, 0, 0, 0, 0, 0, 0, 0, 1],
 [1, 0, 1, 1, 0, 0, 1, 0, 0, 1, 0, 1, 0, 1, 1, 1],
 [1, 0, 0, 1, 0, 0, 1, 0, 0, 1, 0, 0, 0, 0, 0, 0],
 [0, 1, 0, 0, 0, 0, 0, 0, 1, 0, 1, 0, 0, 1, 1, 0],
 [0, 0, 0, 0, 0, 0, 1, 0, 0, 1, 0, 0, 0, 0, 0, 0],
 [0, 0, 1, 0, 0, 0, 0, 0, 0, 0, 0, 0, 0, 0, 0, 1],
 [0, 0, 0, 1, 1, 0, 0, 0, 0, 0, 0, 0, 0, 0, 0, 0],
 [0, 1, 1, 0, 0, 1, 0, 0, 0, 1, 0, 0, 0, 0, 0, 0],
 [0, 0, 0, 0, 0, 0, 1, 1, 0, 0, 1, 1, 0, 0, 0, 0],
 [1, 1, 0, 0, 1, 0, 0, 0, 0, 0, 0, 0, 0, 0, 0, 0],
 [1, 0, 0, 0, 0, 1, 1, 1, 0, 1, 1, 1, 0, 0, 0, 0],
 [0, 0, 1, 0, 0, 0, 0, 0, 0, 0, 1, 0, 0, 1, 0, 0],
 [0, 0, 1, 0, 0, 0, 1, 0, 1, 0, 0, 1, 1, 0, 0, 1],
 [0, 0, 1, 0, 0, 0, 1, 1, 0, 0, 0, 0, 0, 1, 0, 0]]

--- Maze 28 ---
Size: 32x32
Start: (8, 0), Goal: (4, 21)
Scenario: Random_0.1D

[[0, 0, 0, ..., 0, 0, 0],
 [0, 0, 0, ..., 0, 0, 0],
 [0, 0, 0, ..., 0, 0, 0],
 ...,
 [1, 0, 0, ..., 1, 1, 0],
 [0, 0, 0, ..., 0, 1, 0],
 [0, 0, 1, ..., 0, 0, 0]]

--- Maze 29 ---
Size: 32x32
Start: (27, 21), Goal: (3, 15)
Scenario: Random_0.1D

[[0, 0, 0, ..., 0, 0, 0],
 [0, 0, 0, ..., 0, 0, 0],
 [0, 0, 0, ..., 0, 0, 0],
 ...,
 [0, 0, 0, ..., 0, 0, 0],
 [0, 0, 0, ..., 0, 0, 0],
 [0, 0, 0, ..., 0, 0, 0]]

--- Maze 30 ---
Size: 32x32
Start: (26, 10), Goal: (23, 5)
Scenario: Random_0.1D

[[1, 0, 0, ..., 0, 0, 0],
 [0, 0, 0, ..., 0, 0, 1],
 [0, 0, 0, ..., 0, 0, 0],
 ...,
 [0, 0, 0, ..., 0, 1, 0],
 [1, 0, 0, ..., 0, 0, 0],
 [0, 1, 0, ..., 0, 0, 0]]

--- Maze 31 ---
Size: 32x32
Start: (9, 7), Goal: (13, 20)
Scenario: Random_0.2D

[[0, 1, 0, ..., 0, 0, 0],
 [1, 0, 1, ..., 0, 0, 0],
 [0, 0, 0, ..., 0, 1, 1],
 ...,
 [0, 0, 1, ..., 0, 0, 0],
 [0, 0, 0, ..., 0, 0, 0],
 [0, 0, 0, ..., 0, 0, 0]]

--- Maze 32 ---
Size: 32x32
Start: (1, 28), Goal: (9, 7)
Scenario: Random_0.2D

[[0, 0, 0, ..., 0, 0, 0],
 [0, 1, 0, ..., 0, 0, 0],
 [0, 1, 1, ..., 0, 1, 0],
 ...,
 [0, 0, 1, ..., 1, 1, 0],
 [0, 1, 0, ..., 0, 0, 0],
 [0, 0, 0, ..., 0, 1, 0]]

--- Maze 33 ---
Size: 32x32
Start: (19, 24), Goal: (31, 31)
Scenario: Random_0.2D

[[0, 0, 1, ..., 0, 0, 0],
 [1, 1, 0, ..., 0, 0, 0],
 [0, 0, 1, ..., 0, 0, 0],
 ...,
 [0, 0, 0, ..., 0, 0, 1],
 [1, 0, 0, ..., 0, 0, 0],
 [0, 0, 1, ..., 0, 0, 0]]

--- Maze 34 ---
Size: 32x32
Start: (2, 31), Goal: (8, 12)
Scenario: Random_0.3D

[[0, 1, 0, ..., 0, 0, 0],
 [0, 1, 0, ..., 0, 0, 1],
 [1, 0, 0, ..., 1, 0, 0],
 ...,
 [0, 0, 0, ..., 1, 0, 0],
 [1, 0, 0, ..., 0, 1, 0],
 [0, 0, 1, ..., 0, 0, 0]]

--- Maze 35 ---
Size: 32x32
Start: (14, 20), Goal: (18, 20)
Scenario: Random_0.3D

[[1, 0, 0, ..., 0, 0, 0],
 [0, 0, 0, ..., 1, 0, 0],
 [1, 0, 1, ..., 1, 0, 0],
 ...,
 [0, 0, 0, ..., 0, 0, 0],
 [1, 0, 1, ..., 0, 0, 0],
 [0, 0, 1, ..., 1, 0, 1]]

--- Maze 36 ---
Size: 32x32
Start: (11, 1), Goal: (13, 15)
Scenario: Random_0.3D

[[0, 0, 0, ..., 1, 0, 0],
 [0, 0, 0, ..., 0, 0, 0],
 [0, 1, 0, ..., 0, 0, 1],
 ...,
 [0, 1, 0, ..., 0, 1, 0],
 [1, 0, 1, ..., 1, 1, 0],
 [1, 0, 1, ..., 0, 0, 1]]

--- Maze 37 ---
Size: 64x64
Start: (16, 37), Goal: (4, 60)
Scenario: Random_0.1D

[[0, 0, 0, ..., 0, 0, 1],
 [0, 1, 1, ..., 0, 1, 0],
 [0, 0, 0, ..., 1, 0, 0],
 ...,
 [0, 0, 0, ..., 1, 0, 0],
 [0, 0, 0, ..., 0, 0, 0],
 [0, 1, 0, ..., 0, 0, 1]]

--- Maze 38 ---
Size: 64x64
Start: (62, 52), Goal: (30, 27)
Scenario: Random_0.1D

[[0, 0, 0, ..., 0, 0, 0],
 [0, 0, 0, ..., 0, 0, 0],
 [0, 0, 0, ..., 0, 1, 1],
 ...,
 [1, 0, 1, ..., 0, 0, 0],
 [0, 0, 0, ..., 0, 0, 0],
 [0, 1, 1, ..., 0, 0, 0]]

--- Maze 39 ---
Size: 64x64
Start: (1, 16), Goal: (33, 61)
Scenario: Random_0.1D

[[1, 0, 0, ..., 0, 0, 0],
 [0, 0, 0, ..., 1, 0, 0],
 [0, 0, 0, ..., 0, 0, 0],
 ...,
 [0, 0, 0, ..., 0, 0, 1],
 [1, 0, 0, ..., 1, 0, 0],
 [0, 0, 0, ..., 0, 0, 0]]

--- Maze 40 ---
Size: 64x64
Start: (28, 57), Goal: (40, 62)
Scenario: Random_0.2D

[[0, 0, 0, ..., 0, 0, 0],
 [1, 0, 1, ..., 0, 0, 0],
 [1, 0, 0, ..., 0, 0, 0],
 ...,
 [0, 0, 0, ..., 0, 0, 0],
 [0, 0, 0, ..., 1, 0, 0],
 [0, 0, 0, ..., 0, 1, 0]]

--- Maze 41 ---
Size: 64x64
Start: (31, 60), Goal: (57, 10)
Scenario: Random_0.2D

[[0, 0, 0, ..., 0, 0, 0],
 [0, 0, 0, ..., 0, 0, 1],
 [0, 0, 0, ..., 0, 1, 1],
 ...,
 [1, 0, 0, ..., 0, 0, 0],
 [0, 0, 1, ..., 0, 0, 0],
 [0, 0, 0, ..., 0, 0, 0]]

--- Maze 42 ---
Size: 64x64
Start: (57, 54), Goal: (60, 51)
Scenario: Random_0.2D

[[0, 0, 1, ..., 0, 0, 0],
 [0, 0, 0, ..., 1, 1, 0],
 [0, 1, 1, ..., 0, 0, 0],
 ...,
 [0, 0, 0, ..., 0, 0, 1],
 [0, 0, 0, ..., 0, 0, 0],
 [0, 0, 1, ..., 1, 0, 0]]

--- Maze 43 ---
Size: 64x64
Start: (25, 63), Goal: (21, 37)
Scenario: Random_0.3D

[[0, 1, 1, ..., 0, 0, 0],
 [0, 0, 0, ..., 0, 0, 0],
 [1, 1, 0, ..., 1, 0, 1],
 ...,
 [0, 0, 0, ..., 0, 0, 1],
 [1, 0, 0, ..., 0, 0, 0],
 [0, 0, 0, ..., 1, 0, 0]]

--- Maze 44 ---
Size: 64x64
Start: (30, 13), Goal: (13, 48)
Scenario: Random_0.3D

[[1, 0, 0, ..., 0, 1, 0],
 [1, 1, 1, ..., 0, 0, 1],
 [0, 0, 0, ..., 0, 0, 0],
 ...,
 [0, 0, 0, ..., 0, 0, 1],
 [0, 0, 1, ..., 1, 0, 1],
 [0, 1, 0, ..., 0, 0, 0]]

--- Maze 45 ---
Size: 64x64
Start: (59, 44), Goal: (16, 27)
Scenario: Random_0.3D

[[0, 0, 1, ..., 0, 0, 0],
 [1, 0, 0, ..., 0, 0, 0],
 [1, 0, 0, ..., 0, 0, 0],
 ...,
 [0, 0, 0, ..., 1, 0, 0],
 [0, 1, 1, ..., 0, 1, 0],
 [0, 1, 0, ..., 0, 0, 1]]

--- Maze 46 ---
Size: 128x128
Start: (89, 0), Goal: (0, 96)
Scenario: Random_0.1D

[[0, 0, 0, ..., 0, 0, 0],
 [0, 0, 0, ..., 1, 0, 0],
 [0, 0, 0, ..., 0, 1, 0],
 ...,
 [0, 0, 0, ..., 0, 0, 0],
 [0, 0, 0, ..., 0, 0, 0],
 [0, 0, 0, ..., 0, 0, 0]]

--- Maze 47 ---
Size: 128x128
Start: (84, 11), Goal: (38, 123)
Scenario: Random_0.1D

[[0, 0, 0, ..., 0, 0, 0],
 [0, 0, 0, ..., 0, 0, 0],
 [0, 0, 0, ..., 0, 0, 0],
 ...,
 [0, 0, 1, ..., 0, 1, 0],
 [0, 1, 0, ..., 0, 0, 0],
 [1, 0, 0, ..., 0, 0, 1]]

--- Maze 48 ---
Size: 128x128
Start: (7, 84), Goal: (44, 31)
Scenario: Random_0.1D

[[1, 0, 0, ..., 0, 0, 1],
 [0, 0, 0, ..., 0, 0, 0],
 [0, 0, 0, ..., 1, 0, 0],
 ...,
 [0, 0, 0, ..., 0, 0, 0],
 [0, 0, 0, ..., 0, 0, 0],
 [0, 0, 0, ..., 0, 1, 0]]

--- Maze 49 ---
Size: 128x128
Start: (27, 12), Goal: (73, 89)
Scenario: Random_0.2D

[[0, 1, 0, ..., 0, 0, 0],
 [0, 0, 0, ..., 1, 0, 0],
 [0, 0, 0, ..., 0, 1, 0],
 ...,
 [0, 1, 0, ..., 1, 0, 0],
 [0, 0, 0, ..., 0, 0, 1],
 [0, 0, 0, ..., 0, 0, 1]]

--- Maze 50 ---
Size: 128x128
Start: (26, 94), Goal: (83, 109)
Scenario: Random_0.2D

[[0, 0, 0, ..., 0, 0, 0],
 [0, 0, 0, ..., 0, 0, 1],
 [0, 1, 0, ..., 0, 1, 0],
 ...,
 [0, 0, 0, ..., 0, 0, 1],
 [0, 0, 0, ..., 0, 0, 0],
 [0, 0, 1, ..., 0, 0, 0]]

--- Maze 51 ---
Size: 128x128
Start: (124, 89), Goal: (114, 68)
Scenario: Random_0.2D

[[0, 0, 1, ..., 0, 0, 0],
 [0, 0, 0, ..., 1, 0, 1],
 [0, 0, 0, ..., 0, 0, 1],
 ...,
 [0, 0, 0, ..., 1, 0, 0],
 [0, 0, 1, ..., 1, 0, 0],
 [1, 0, 0, ..., 0, 0, 0]]

--- Maze 52 ---
Size: 128x128
Start: (0, 110), Goal: (59, 20)
Scenario: Random_0.3D

[[0, 0, 0, ..., 0, 0, 1],
 [1, 0, 0, ..., 0, 0, 0],
 [0, 0, 1, ..., 0, 0, 0],
 ...,
 [0, 0, 1, ..., 0, 0, 1],
 [0, 1, 1, ..., 0, 0, 0],
 [1, 0, 0, ..., 0, 0, 1]]

--- Maze 53 ---
Size: 128x128
Start: (80, 101), Goal: (122, 71)
Scenario: Random_0.3D

[[1, 0, 0, ..., 0, 0, 0],
 [1, 0, 0, ..., 0, 0, 0],
 [0, 0, 0, ..., 1, 0, 1],
 ...,
 [0, 0, 0, ..., 1, 1, 0],
 [1, 0, 0, ..., 0, 0, 0],
 [0, 0, 0, ..., 0, 0, 0]]

--- Maze 54 ---
Size: 128x128
Start: (14, 91), Goal: (40, 23)
Scenario: Random_0.3D

[[0, 1, 0, ..., 0, 1, 0],
 [0, 0, 0, ..., 0, 0, 0],
 [0, 0, 0, ..., 0, 0, 1],
 ...,
 [1, 0, 0, ..., 0, 0, 0],
 [0, 0, 1, ..., 0, 1, 0],
 [0, 0, 0, ..., 0, 1, 0]]

