--- Maze 1 ---
Size: 4x4
Start: (3, 0), Goal: (2, 2)
Scenario: Random_0.1D

[[0, 0, 0, 0],
 [0, 0, 0, 1],
 [0, 0, 0, 0],
 [0, 0, 0, 0]]

--- Maze 2 ---
Size: 4x4
Start: (0, 2), Goal: (3, 3)
Scenario: Random_0.1D

[[0, 0, 0, 0],
 [0, 0, 0, 1],
 [0, 0, 0, 0],
 [0, 0, 0, 0]]

--- Maze 3 ---
Size: 4x4
Start: (1, 1), Goal: (1, 0)
Scenario: Random_0.1D

[[0, 0, 0, 1],
 [0, 0, 0, 0],
 [0, 0, 0, 0],
 [0, 0, 0, 0]]

--- Maze 4 ---
Size: 4x4
Start: (2, 3), Goal: (2, 2)
Scenario: Random_0.2D

[[0, 0, 0, 0],
 [0, 0, 0, 1],
 [1, 0, 0, 0],
 [1, 0, 0, 0]]

--- Maze 5 ---
Size: 4x4
Start: (2, 1), Goal: (3, 1)
Scenario: Random_0.2D

[[0, 0, 1, 0],
 [0, 0, 1, 0],
 [0, 0, 1, 0],
 [0, 0, 0, 0]]

--- Maze 6 ---
Size: 4x4
Start: (0, 2), Goal: (0, 0)
Scenario: Random_0.2D

[[0, 0, 0, 1],
 [0, 0, 0, 0],
 [1, 0, 0, 0],
 [0, 0, 0, 0]]

--- Maze 7 ---
Size: 4x4
Start: (2, 0), Goal: (0, 3)
Scenario: Random_0.3D

[[0, 0, 0, 0],
 [0, 0, 1, 0],
 [0, 1, 0, 0],
 [0, 1, 1, 0]]

--- Maze 8 ---
Size: 4x4
Start: (0, 1), Goal: (3, 2)
Scenario: Random_0.3D

[[0, 0, 1, 1],
 [1, 0, 0, 0],
 [0, 0, 0, 0],
 [0, 0, 0, 1]]

--- Maze 9 ---
Size: 4x4
Start: (0, 3), Goal: (2, 0)
Scenario: Random_0.3D

[[0, 0, 1, 0],
 [0, 0, 0, 0],
 [0, 0, 1, 1],
 [1, 0, 0, 0]]

--- Maze 10 ---
Size: 8x8
Start: (3, 2), Goal: (3, 0)
Scenario: Random_0.1D

[[0, 0, 0, 0, 0, 0, 1, 0],
 [1, 0, 0, 0, 0, 0, 1, 0],
 [0, 1, 0, 0, 0, 0, 0, 0],
 [0, 0, 0, 0, 0, 1, 0, 0],
 [0, 0, 0, 0, 1, 0, 0, 0],
 [0, 0, 0, 0, 0, 0, 0, 0],
 [0, 0, 0, 0, 0, 0, 0, 0],
 [0, 0, 0, 0, 0, 0, 0, 0]]

--- Maze 11 ---
Size: 8x8
Start: (2, 2), Goal: (1, 1)
Scenario: Random_0.1D

[[1, 0, 0, 0, 0, 0, 0, 0],
 [0, 0, 0, 0, 0, 0, 0, 0],
 [0, 0, 0, 0, 0, 0, 0, 0],
 [0, 0, 0, 0, 0, 1, 0, 0],
 [1, 0, 0, 0, 0, 0, 0, 0],
 [0, 0, 0, 0, 0, 0, 0, 0],
 [0, 1, 0, 0, 0, 0, 1, 1],
 [0, 0, 0, 0, 0, 0, 0, 0]]

--- Maze 12 ---
Size: 8x8
Start: (7, 3), Goal: (7, 2)
Scenario: Random_0.1D

[[0, 0, 0, 0, 0, 0, 0, 0],
 [0, 0, 0, 0, 1, 0, 0, 0],
 [0, 0, 0, 0, 0, 0, 0, 0],
 [1, 0, 0, 0, 0, 0, 0, 0],
 [0, 1, 0, 0, 0, 0, 0, 0],
 [0, 0, 0, 0, 0, 0, 1, 0],
 [0, 0, 0, 0, 0, 0, 0, 0],
 [0, 1, 0, 0, 0, 0, 1, 0]]

--- Maze 13 ---
Size: 8x8
Start: (4, 7), Goal: (5, 4)
Scenario: Random_0.2D

[[0, 0, 0, 0, 1, 0, 0, 0],
 [0, 0, 1, 0, 0, 0, 0, 0],
 [0, 0, 0, 0, 1, 0, 0, 0],
 [0, 0, 0, 0, 1, 0, 0, 0],
 [0, 0, 0, 0, 0, 0, 1, 0],
 [1, 0, 0, 0, 0, 1, 0, 0],
 [0, 1, 1, 0, 0, 0, 1, 0],
 [1, 1, 0, 0, 0, 0, 0, 0]]

--- Maze 14 ---
Size: 8x8
Start: (1, 4), Goal: (0, 7)
Scenario: Random_0.2D

[[0, 0, 1, 0, 0, 0, 0, 0],
 [0, 1, 1, 0, 0, 0, 0, 0],
 [0, 0, 1, 0, 0, 0, 1, 0],
 [0, 1, 0, 0, 0, 0, 0, 0],
 [0, 0, 0, 0, 1, 1, 1, 0],
 [0, 0, 0, 0, 0, 0, 0, 0],
 [0, 1, 0, 0, 0, 0, 0, 0],
 [0, 0, 1, 0, 0, 0, 1, 0]]

--- Maze 15 ---
Size: 8x8
Start: (6, 1), Goal: (2, 1)
Scenario: Random_0.2D

[[1, 0, 0, 0, 0, 0, 0, 0],
 [0, 0, 0, 0, 1, 0, 1, 1],
 [0, 0, 0, 0, 1, 0, 0, 0],
 [0, 0, 0, 0, 1, 0, 0, 0],
 [0, 0, 0, 0, 0, 0, 0, 0],
 [0, 0, 0, 0, 0, 0, 0, 1],
 [0, 0, 0, 0, 0, 0, 0, 1],
 [1, 0, 0, 0, 1, 0, 0, 0]]

--- Maze 16 ---
Size: 8x8
Start: (5, 4), Goal: (4, 0)
Scenario: Random_0.3D

[[0, 0, 0, 0, 0, 0, 0, 1],
 [1, 1, 0, 0, 0, 0, 1, 0],
 [0, 0, 1, 0, 0, 0, 0, 0],
 [1, 1, 1, 0, 1, 0, 0, 0],
 [0, 0, 0, 1, 0, 0, 1, 0],
 [0, 1, 1, 0, 0, 0, 0, 1],
 [0, 0, 0, 0, 1, 0, 0, 0],
 [0, 0, 1, 0, 0, 0, 0, 0]]

--- Maze 17 ---
Size: 8x8
Start: (3, 0), Goal: (1, 2)
Scenario: Random_0.3D

[[0, 0, 0, 0, 0, 1, 0, 0],
 [0, 0, 0, 1, 0, 0, 0, 1],
 [0, 0, 0, 1, 1, 0, 1, 1],
 [0, 0, 0, 0, 0, 1, 1, 1],
 [0, 0, 0, 0, 0, 0, 1, 0],
 [0, 0, 1, 0, 0, 1, 1, 1],
 [0, 0, 0, 0, 0, 0, 0, 0],
 [0, 0, 1, 0, 0, 1, 0, 0]]

--- Maze 18 ---
Size: 8x8
Start: (3, 4), Goal: (5, 3)
Scenario: Random_0.3D

[[1, 1, 1, 0, 1, 1, 1, 1],
 [0, 0, 0, 0, 0, 0, 0, 0],
 [0, 0, 0, 0, 0, 0, 0, 1],
 [1, 0, 0, 0, 0, 1, 0, 0],
 [0, 1, 0, 0, 0, 1, 1, 0],
 [0, 0, 0, 0, 0, 0, 0, 0],
 [1, 0, 1, 0, 0, 1, 0, 1],
 [0, 0, 0, 0, 0, 1, 1, 0]]

--- Maze 19 ---
Size: 16x16
Start: (8, 12), Goal: (5, 5)
Scenario: Random_0.1D

[[0, 0, 0, 1, 0, 0, 0, 0, 0, 0, 0, 0, 0, 0, 0, 0],
 [1, 0, 0, 0, 0, 0, 0, 0, 0, 0, 0, 0, 1, 0, 0, 0],
 [0, 0, 0, 0, 0, 0, 0, 0, 0, 0, 0, 0, 0, 0, 0, 0],
 [0, 0, 0, 0, 0, 0, 0, 0, 0, 0, 0, 0, 0, 0, 0, 1],
 [0, 0, 0, 0, 0, 0, 0, 0, 0, 0, 0, 0, 0, 0, 0, 0],
 [0, 0, 0, 0, 0, 0, 0, 0, 0, 0, 0, 0, 0, 0, 0, 0],
 [1, 0, 0, 0, 0, 0, 0, 0, 0, 0, 0, 0, 0, 1, 0, 0],
 [0, 0, 0, 0, 0, 0, 0, 0, 0, 0, 0, 1, 0, 0, 0, 0],
 [0, 0, 0, 1, 1, 0, 0, 0, 0, 0, 0, 1, 0, 0, 0, 1],
 [0, 0, 0, 0, 0, 0, 0, 1, 1, 0, 0, 1, 0, 0, 0, 0],
 [0, 0, 0, 0, 0, 0, 0, 0, 0, 1, 0, 0, 1, 0, 1, 0],
 [0, 0, 0, 0, 0, 0, 0, 0, 0, 0, 0, 0, 0, 1, 0, 0],
 [0, 0, 0, 0, 1, 0, 0, 0, 0, 0, 0, 0, 0, 0, 0, 0],
 [0, 0, 1, 0, 0, 0, 0, 0, 0, 1, 0, 0, 0, 0, 0, 0],
 [0, 0, 0, 0, 0, 0, 0, 0, 0, 0, 1, 0, 0, 1, 0, 0],
 [0, 0, 0, 1, 0, 0, 0, 0, 1, 0, 0, 0, 0, 0, 0, 0]]

--- Maze 20 ---
Size: 16x16
Start: (3, 12), Goal: (3, 13)
Scenario: Random_0.1D

[[0, 0, 0, 0, 0, 1, 0, 0, 1, 0, 0, 0, 0, 0, 0, 0],
 [0, 0, 1, 0, 0, 0, 0, 0, 0, 1, 0, 0, 0, 0, 0, 0],
 [0, 0, 0, 0, 0, 0, 0, 1, 0, 0, 1, 0, 0, 0, 0, 0],
 [0, 0, 0, 0, 0, 0, 0, 0, 0, 1, 0, 0, 0, 0, 0, 0],
 [0, 0, 0, 0, 0, 0, 0, 0, 0, 0, 0, 0, 1, 0, 0, 0],
 [1, 0, 0, 0, 0, 0, 0, 0, 0, 0, 1, 0, 0, 0, 0, 0],
 [0, 0, 0, 0, 0, 0, 0, 0, 1, 0, 0, 0, 0, 0, 0, 0],
 [0, 0, 0, 1, 0, 0, 0, 0, 0, 0, 0, 0, 0, 0, 0, 1],
 [1, 0, 0, 0, 0, 0, 0, 0, 0, 0, 0, 0, 0, 0, 0, 0],
 [1, 0, 0, 0, 0, 0, 0, 0, 0, 0, 0, 0, 0, 1, 0, 1],
 [0, 0, 0, 0, 0, 0, 0, 0, 0, 0, 0, 0, 0, 1, 0, 0],
 [0, 0, 0, 0, 0, 0, 0, 0, 0, 0, 0, 0, 0, 0, 0, 0],
 [0, 1, 0, 0, 0, 0, 0, 0, 0, 0, 0, 0, 0, 1, 0, 0],
 [0, 0, 0, 0, 1, 0, 0, 0, 0, 0, 0, 1, 0, 1, 0, 0],
 [0, 0, 0, 0, 0, 0, 0, 0, 0, 0, 0, 0, 0, 0, 0, 0],
 [0, 0, 0, 0, 0, 0, 0, 0, 0, 0, 1, 0, 0, 0, 1, 0]]

--- Maze 21 ---
Size: 16x16
Start: (0, 2), Goal: (7, 2)
Scenario: Random_0.1D

[[0, 1, 0, 0, 0, 0, 0, 0, 0, 0, 0, 0, 0, 1, 0, 0],
 [0, 0, 0, 0, 0, 0, 0, 0, 0, 0, 0, 0, 0, 0, 0, 0],
 [1, 0, 0, 0, 0, 0, 0, 0, 0, 0, 0, 0, 0, 0, 0, 0],
 [0, 0, 0, 0, 0, 0, 0, 1, 0, 0, 0, 0, 0, 0, 1, 1],
 [0, 0, 0, 0, 0, 0, 0, 0, 0, 0, 0, 1, 1, 0, 0, 0],
 [0, 0, 1, 1, 0, 0, 0, 0, 0, 0, 0, 0, 0, 0, 0, 0],
 [0, 0, 0, 0, 0, 0, 0, 0, 0, 1, 0, 0, 0, 0, 1, 0],
 [0, 0, 0, 0, 0, 0, 0, 0, 0, 1, 0, 0, 0, 0, 0, 0],
 [0, 0, 0, 0, 0, 0, 0, 0, 0, 0, 0, 0, 0, 0, 0, 0],
 [0, 0, 0, 0, 0, 1, 0, 0, 0, 0, 0, 0, 0, 0, 0, 0],
 [0, 0, 0, 0, 0, 0, 0, 0, 0, 1, 0, 0, 1, 0, 0, 0],
 [0, 0, 0, 0, 0, 0, 1, 1, 0, 0, 0, 1, 0, 0, 0, 0],
 [0, 0, 0, 0, 0, 1, 0, 0, 0, 0, 1, 0, 0, 0, 0, 0],
 [0, 0, 0, 0, 0, 0, 0, 0, 0, 0, 0, 0, 0, 0, 0, 0],
 [0, 0, 0, 1, 0, 0, 0, 0, 0, 1, 0, 0, 0, 0, 0, 0],
 [0, 0, 0, 0, 0, 0, 0, 0, 0, 0, 0, 1, 0, 0, 0, 0]]

--- Maze 22 ---
Size: 16x16
Start: (14, 6), Goal: (13, 13)
Scenario: Random_0.2D

[[0, 0, 0, 0, 0, 0, 1, 0, 1, 0, 0, 0, 0, 0, 0, 0],
 [0, 0, 1, 0, 0, 0, 0, 1, 0, 0, 0, 0, 0, 1, 0, 0],
 [1, 0, 1, 0, 1, 0, 1, 0, 0, 0, 0, 1, 1, 0, 0, 0],
 [1, 1, 0, 0, 0, 0, 0, 0, 1, 0, 0, 1, 0, 1, 0, 0],
 [1, 0, 0, 0, 0, 0, 0, 0, 0, 0, 1, 0, 0, 0, 1, 0],
 [0, 0, 0, 1, 0, 0, 0, 0, 0, 0, 0, 1, 0, 0, 0, 0],
 [0, 1, 0, 0, 0, 0, 0, 0, 0, 1, 0, 0, 0, 0, 0, 0],
 [0, 0, 0, 0, 0, 1, 0, 0, 1, 0, 0, 1, 1, 0, 0, 0],
 [1, 0, 0, 0, 0, 0, 0, 1, 0, 1, 0, 0, 0, 0, 0, 0],
 [0, 0, 0, 0, 0, 0, 0, 0, 0, 0, 0, 0, 0, 0, 0, 1],
 [0, 0, 0, 0, 0, 1, 0, 1, 0, 0, 0, 1, 0, 0, 1, 0],
 [0, 0, 0, 0, 1, 0, 1, 0, 0, 0, 1, 1, 0, 0, 0, 0],
 [0, 0, 0, 0, 0, 0, 0, 0, 0, 0, 0, 0, 0, 0, 0, 1],
 [0, 1, 0, 0, 0, 0, 0, 0, 0, 0, 0, 0, 0, 0, 0, 0],
 [1, 1, 0, 0, 0, 1, 0, 0, 0, 0, 0, 0, 0, 0, 0, 0],
 [0, 0, 0, 0, 0, 0, 0, 0, 0, 1, 0, 0, 1, 0, 0, 0]]

--- Maze 23 ---
Size: 16x16
Start: (6, 10), Goal: (12, 6)
Scenario: Random_0.2D

[[0, 0, 0, 1, 0, 1, 1, 0, 0, 0, 0, 0, 0, 0, 0, 0],
 [0, 0, 1, 0, 0, 0, 0, 0, 0, 0, 0, 0, 1, 1, 1, 0],
 [0, 0, 0, 0, 0, 0, 1, 0, 1, 1, 0, 0, 0, 0, 0, 0],
 [0, 0, 0, 0, 0, 0, 0, 0, 0, 0, 1, 0, 1, 0, 0, 1],
 [0, 0, 0, 0, 0, 0, 0, 0, 1, 0, 0, 0, 0, 0, 0, 0],
 [1, 0, 1, 0, 0, 0, 0, 0, 1, 0, 0, 1, 0, 1, 0, 0],
 [0, 1, 0, 0, 0, 0, 0, 0, 0, 0, 0, 0, 0, 0, 1, 0],
 [0, 1, 0, 0, 0, 0, 0, 0, 0, 0, 0, 0, 0, 0, 0, 0],
 [0, 0, 0, 0, 0, 0, 0, 1, 1, 0, 1, 0, 0, 0, 1, 1],
 [0, 0, 1, 0, 0, 0, 0, 0, 0, 0, 0, 1, 0, 1, 0, 0],
 [0, 0, 1, 0, 1, 0, 0, 0, 0, 0, 0, 0, 0, 0, 0, 0],
 [0, 1, 0, 0, 0, 0, 0, 0, 1, 0, 1, 1, 0, 0, 0, 0],
 [0, 0, 0, 1, 0, 0, 0, 0, 0, 0, 0, 0, 0, 0, 0, 0],
 [0, 0, 1, 1, 0, 0, 0, 0, 0, 0, 0, 0, 0, 0, 0, 0],
 [0, 0, 0, 0, 0, 1, 0, 0, 1, 0, 0, 0, 1, 0, 0, 1],
 [0, 0, 0, 0, 0, 0, 0, 0, 0, 1, 1, 1, 1, 0, 0, 0]]

--- Maze 24 ---
Size: 16x16
Start: (0, 12), Goal: (13, 10)
Scenario: Random_0.2D

[[0, 0, 0, 0, 1, 1, 0, 0, 0, 0, 0, 0, 0, 1, 0, 0],
 [1, 0, 0, 0, 0, 0, 1, 0, 0, 1, 0, 0, 0, 0, 1, 1],
 [0, 0, 0, 0, 0, 0, 1, 0, 0, 0, 0, 0, 0, 1, 0, 0],
 [1, 0, 0, 0, 0, 0, 0, 0, 0, 0, 0, 1, 0, 0, 0, 0],
 [0, 0, 1, 0, 0, 0, 0, 0, 1, 0, 0, 0, 0, 0, 1, 0],
 [0, 0, 0, 0, 1, 0, 0, 1, 0, 0, 1, 0, 0, 0, 0, 0],
 [0, 0, 0, 0, 0, 0, 0, 0, 0, 0, 0, 0, 0, 0, 0, 0],
 [0, 1, 0, 0, 0, 0, 0, 0, 0, 0, 0, 1, 0, 0, 0, 1],
 [0, 0, 1, 1, 0, 0, 0, 0, 0, 1, 0, 0, 1, 1, 0, 0],
 [0, 0, 0, 0, 0, 0, 0, 0, 0, 0, 0, 0, 0, 0, 0, 0],
 [1, 0, 0, 0, 0, 0, 0, 0, 0, 0, 0, 0, 0, 0, 0, 0],
 [0, 0, 1, 0, 1, 0, 0, 1, 0, 0, 0, 0, 0, 0, 0, 1],
 [0, 1, 1, 0, 0, 0, 0, 0, 1, 0, 0, 1, 0, 1, 0, 1],
 [0, 0, 0, 0, 1, 0, 1, 0, 1, 0, 0, 0, 0, 1, 1, 0],
 [0, 0, 0, 0, 0, 0, 0, 0, 0, 0, 0, 0, 0, 0, 0, 1],
 [0, 1, 1, 0, 0, 0, 0, 1, 1, 0, 0, 0, 0, 0, 0, 0]]

--- Maze 25 ---
Size: 16x16
Start: (8, 10), Goal: (5, 9)
Scenario: Random_0.3D

[[0, 1, 0, 1, 0, 1, 0, 0, 0, 0, 1, 1, 0, 0, 0, 0],
 [1, 0, 1, 1, 0, 0, 0, 1, 0, 0, 1, 0, 0, 0, 0, 0],
 [0, 1, 1, 1, 1, 1, 0, 0, 0, 1, 0, 0, 0, 0, 1, 1],
 [0, 0, 0, 0, 0, 0, 0, 1, 0, 1, 0, 0, 0, 0, 0, 0],
 [0, 0, 1, 0, 0, 1, 0, 0, 0, 0, 1, 0, 0, 1, 0, 0],
 [0, 0, 0, 0, 0, 0, 1, 0, 0, 0, 0, 0, 0, 0, 0, 1],
 [0, 1, 0, 0, 0, 0, 0, 1, 1, 0, 0, 0, 0, 0, 0, 0],
 [0, 0, 0, 0, 0, 0, 0, 0, 0, 0, 0, 0, 0, 0, 1, 0],
 [0, 0, 0, 0, 0, 0, 0, 0, 0, 0, 0, 0, 0, 0, 1, 0],
 [0, 1, 0, 0, 0, 0, 0, 0, 0, 1, 0, 0, 0, 0, 0, 1],
 [1, 0, 1, 0, 1, 1, 0, 0, 1, 0, 1, 0, 0, 1, 0, 0],
 [0, 0, 1, 0, 1, 0, 1, 0, 1, 1, 0, 1, 1, 0, 1, 0],
 [0, 1, 0, 0, 0, 1, 0, 0, 1, 1, 0, 0, 0, 0, 0, 0],
 [1, 1, 0, 0, 1, 0, 0, 0, 0, 0, 0, 0, 0, 1, 0, 1],
 [0, 1, 1, 0, 0, 0, 0, 0, 0, 1, 0, 0, 0, 0, 0, 0],
 [1, 0, 0, 0, 0, 0, 0, 0, 0, 1, 0, 0, 0, 0, 1, 1]]

--- Maze 26 ---
Size: 16x16
Start: (4, 10), Goal: (7, 15)
Scenario: Random_0.3D

[[1, 0, 0, 0, 0, 1, 0, 1, 0, 1, 0, 0, 1, 1, 1, 0],
 [0, 0, 0, 0, 0, 0, 0, 0, 0, 0, 1, 0, 0, 1, 1, 0],
 [0, 1, 0, 0, 0, 0, 0, 1, 0, 0, 0, 0, 1, 0, 0, 0],
 [0, 0, 0, 0, 0, 0, 1, 0, 1, 1, 0, 0, 0, 1, 0, 1],
 [0, 0, 0, 0, 0, 1, 0, 0, 1, 0, 0, 0, 0, 1, 1, 1],
 [0, 0, 0, 1, 0, 0, 1, 0, 0, 0, 0, 0, 0, 1, 0, 0],
 [0, 0, 0, 1, 0, 0, 0, 0, 0, 0, 1, 0, 0, 0, 0, 1],
 [1, 0, 0, 1, 0, 1, 0, 1, 1, 0, 1, 0, 0, 1, 0, 0],
 [0, 0, 0, 0, 0, 0, 0, 0, 0, 0, 1, 0, 0, 0, 1, 0],
 [1, 0, 0, 0, 0, 0, 0, 0, 1, 0, 0, 0, 0, 0, 1, 1],
 [0, 0, 1, 0, 0, 0, 0, 0, 0, 0, 1, 0, 0, 0, 0, 1],
 [0, 0, 0, 1, 0, 0, 0, 1, 0, 0, 0, 0, 0, 0, 0, 0],
 [0, 1, 0, 1, 1, 0, 0, 0, 0, 1, 0, 1, 0, 1, 0, 0],
 [0, 1, 0, 0, 1, 0, 1, 0, 0, 0, 1, 0, 0, 1, 0, 0],
 [0, 0, 1, 0, 1, 0, 0, 0, 1, 0, 0, 0, 0, 0, 0, 0],
 [1, 0, 0, 1, 1, 0, 0, 0, 0, 0, 0, 0, 0, 1, 1, 0]]

--- Maze 27 ---
Size: 16x16
Start: (8, 2), Goal: (9, 1)
Scenario: Random_0.3D

[[0, 0, 0, 1, 0, 0, 0, 1, 0, 1, 0, 0, 1, 0, 0, 0],
 [1, 1, 0, 0, 1, 0, 1, 0, 0, 0, 0, 1, 0, 0, 0, 0],
 [1, 0, 0, 0, 0, 0, 0, 1, 1, 0, 1, 1, 0, 0, 0, 0],
 [0, 0, 0, 0, 0, 0, 1, 0, 1, 1, 1, 0, 0, 0, 0, 0],
 [0, 0, 0, 0, 0, 0, 0, 1, 0, 0, 1, 1, 0, 0, 0, 0],
 [0, 0, 0, 0, 0, 0, 0, 0, 1, 0, 0, 0, 1, 0, 0, 0],
 [1, 0, 0, 0, 0, 0, 0, 0, 1, 0, 0, 0, 0, 1, 0, 0],
 [0, 1, 1, 0, 0, 0, 1, 1, 0, 1, 0, 0, 0, 0, 0, 0],
 [0, 0, 0, 0, 0, 0, 0, 0, 0, 0, 0, 0, 1, 0, 1, 0],
 [0, 0, 1, 0, 1, 0, 0, 1, 0, 0, 1, 0, 0, 0, 1, 0],
 [0, 0, 1, 1, 1, 0, 0, 0, 1, 0, 1, 1, 0, 0, 0, 0],
 [1, 1, 0, 0, 0, 0, 0, 1, 0, 1, 0, 0, 1, 0, 0, 0],
 [1, 0, 1, 0, 0, 0, 0, 1, 0, 0, 0, 0, 1, 0, 0, 1],
 [0, 0, 0, 0, 0, 0, 1, 1, 0, 0, 1, 0, 1, 0, 0, 0],
 [1, 1, 0, 1, 1, 0, 0, 0, 0, 0, 0, 0, 0, 0, 0, 0],
 [0, 0, 0, 1, 0, 0, 0, 0, 0, 0, 0, 1, 1, 0, 0, 0]]

--- Maze 28 ---
Size: 32x32
Start: (5, 23), Goal: (16, 26)
Scenario: Random_0.1D

[[0, 0, 0, ..., 0, 0, 0],
 [0, 0, 0, ..., 0, 0, 0],
 [0, 0, 0, ..., 0, 0, 0],
 ...,
 [0, 0, 0, ..., 0, 0, 0],
 [1, 0, 0, ..., 0, 0, 0],
 [0, 0, 0, ..., 0, 0, 0]]

--- Maze 29 ---
Size: 32x32
Start: (8, 3), Goal: (22, 6)
Scenario: Random_0.1D

[[0, 0, 0, ..., 0, 0, 1],
 [1, 0, 0, ..., 1, 0, 0],
 [0, 0, 0, ..., 0, 1, 1],
 ...,
 [0, 0, 0, ..., 0, 0, 1],
 [0, 1, 0, ..., 0, 0, 0],
 [0, 1, 0, ..., 0, 0, 0]]

--- Maze 30 ---
Size: 32x32
Start: (27, 2), Goal: (11, 4)
Scenario: Random_0.1D

[[0, 0, 0, ..., 0, 0, 0],
 [0, 0, 0, ..., 0, 0, 0],
 [0, 0, 0, ..., 0, 0, 0],
 ...,
 [0, 0, 0, ..., 0, 0, 0],
 [0, 0, 0, ..., 0, 0, 0],
 [0, 0, 0, ..., 0, 0, 0]]

--- Maze 31 ---
Size: 32x32
Start: (7, 8), Goal: (15, 1)
Scenario: Random_0.2D

[[0, 0, 0, ..., 0, 0, 0],
 [0, 1, 0, ..., 0, 0, 0],
 [0, 1, 0, ..., 0, 1, 0],
 ...,
 [0, 0, 0, ..., 0, 0, 0],
 [0, 0, 0, ..., 0, 0, 1],
 [0, 0, 0, ..., 0, 0, 0]]

--- Maze 32 ---
Size: 32x32
Start: (8, 28), Goal: (21, 14)
Scenario: Random_0.2D

[[1, 0, 0, ..., 1, 1, 0],
 [1, 0, 0, ..., 0, 0, 0],
 [0, 1, 1, ..., 0, 0, 0],
 ...,
 [0, 1, 0, ..., 1, 0, 0],
 [0, 0, 0, ..., 1, 0, 1],
 [0, 0, 0, ..., 0, 0, 1]]

--- Maze 33 ---
Size: 32x32
Start: (11, 8), Goal: (15, 5)
Scenario: Random_0.2D

[[0, 0, 0, ..., 0, 0, 0],
 [0, 0, 0, ..., 0, 0, 0],
 [0, 1, 0, ..., 0, 1, 0],
 ...,
 [0, 0, 1, ..., 0, 0, 0],
 [1, 0, 1, ..., 1, 0, 0],
 [0, 0, 0, ..., 0, 0, 0]]

--- Maze 34 ---
Size: 32x32
Start: (4, 19), Goal: (5, 25)
Scenario: Random_0.3D

[[0, 0, 0, ..., 0, 0, 0],
 [0, 0, 0, ..., 0, 1, 0],
 [0, 0, 1, ..., 0, 0, 0],
 ...,
 [1, 0, 0, ..., 0, 0, 0],
 [0, 0, 0, ..., 0, 1, 1],
 [0, 0, 0, ..., 0, 0, 0]]

--- Maze 35 ---
Size: 32x32
Start: (0, 0), Goal: (6, 16)
Scenario: Random_0.3D

[[0, 0, 1, ..., 0, 1, 0],
 [1, 0, 1, ..., 0, 0, 0],
 [1, 0, 1, ..., 0, 0, 0],
 ...,
 [0, 0, 1, ..., 0, 0, 0],
 [1, 0, 0, ..., 0, 1, 1],
 [0, 0, 0, ..., 0, 1, 1]]

--- Maze 36 ---
Size: 32x32
Start: (22, 4), Goal: (27, 3)
Scenario: Random_0.3D

[[0, 0, 0, ..., 0, 1, 1],
 [0, 0, 0, ..., 0, 0, 0],
 [1, 0, 0, ..., 1, 0, 0],
 ...,
 [1, 0, 0, ..., 0, 0, 1],
 [1, 0, 0, ..., 0, 0, 0],
 [0, 1, 0, ..., 0, 0, 1]]

--- Maze 37 ---
Size: 64x64
Start: (17, 36), Goal: (57, 17)
Scenario: Random_0.1D

[[0, 0, 0, ..., 1, 0, 0],
 [1, 0, 1, ..., 0, 0, 0],
 [0, 0, 1, ..., 0, 0, 0],
 ...,
 [1, 0, 0, ..., 0, 0, 0],
 [0, 0, 0, ..., 0, 0, 0],
 [0, 0, 0, ..., 0, 0, 0]]

--- Maze 38 ---
Size: 64x64
Start: (48, 45), Goal: (45, 27)
Scenario: Random_0.1D

[[0, 0, 0, ..., 1, 0, 0],
 [0, 0, 0, ..., 0, 0, 0],
 [0, 1, 1, ..., 1, 0, 0],
 ...,
 [1, 0, 0, ..., 0, 0, 0],
 [0, 0, 0, ..., 0, 0, 0],
 [0, 0, 0, ..., 0, 0, 0]]

--- Maze 39 ---
Size: 64x64
Start: (42, 53), Goal: (63, 19)
Scenario: Random_0.1D

[[0, 0, 0, ..., 0, 0, 0],
 [0, 0, 0, ..., 0, 0, 0],
 [0, 1, 0, ..., 0, 0, 0],
 ...,
 [0, 0, 0, ..., 0, 0, 0],
 [0, 0, 0, ..., 0, 0, 0],
 [0, 0, 0, ..., 1, 0, 0]]

--- Maze 40 ---
Size: 64x64
Start: (15, 56), Goal: (61, 40)
Scenario: Random_0.2D

[[0, 0, 0, ..., 0, 0, 0],
 [0, 0, 0, ..., 0, 0, 0],
 [0, 0, 1, ..., 0, 0, 1],
 ...,
 [0, 1, 0, ..., 0, 0, 0],
 [0, 0, 0, ..., 0, 0, 0],
 [0, 0, 0, ..., 0, 0, 0]]

--- Maze 41 ---
Size: 64x64
Start: (47, 27), Goal: (58, 60)
Scenario: Random_0.2D

[[1, 0, 0, ..., 0, 0, 0],
 [0, 0, 0, ..., 1, 0, 0],
 [0, 0, 0, ..., 0, 0, 0],
 ...,
 [0, 0, 0, ..., 0, 1, 0],
 [0, 0, 0, ..., 1, 1, 0],
 [1, 0, 0, ..., 0, 0, 0]]

--- Maze 42 ---
Size: 64x64
Start: (11, 32), Goal: (31, 25)
Scenario: Random_0.2D

[[1, 0, 0, ..., 0, 0, 0],
 [0, 0, 0, ..., 0, 0, 0],
 [0, 0, 0, ..., 0, 0, 0],
 ...,
 [0, 0, 0, ..., 0, 1, 0],
 [0, 0, 0, ..., 0, 0, 0],
 [0, 1, 1, ..., 0, 1, 0]]

--- Maze 43 ---
Size: 64x64
Start: (50, 36), Goal: (43, 12)
Scenario: Random_0.3D

[[0, 0, 0, ..., 0, 0, 1],
 [0, 0, 1, ..., 1, 0, 0],
 [1, 0, 0, ..., 0, 1, 1],
 ...,
 [0, 0, 0, ..., 0, 0, 0],
 [1, 0, 1, ..., 0, 0, 0],
 [0, 0, 0, ..., 0, 0, 0]]

--- Maze 44 ---
Size: 64x64
Start: (8, 5), Goal: (25, 0)
Scenario: Random_0.3D

[[0, 0, 1, ..., 0, 0, 0],
 [1, 0, 0, ..., 0, 0, 0],
 [0, 0, 1, ..., 0, 1, 0],
 ...,
 [0, 0, 0, ..., 0, 1, 1],
 [0, 1, 0, ..., 0, 0, 1],
 [0, 0, 0, ..., 1, 1, 0]]

--- Maze 45 ---
Size: 64x64
Start: (31, 16), Goal: (36, 23)
Scenario: Random_0.3D

[[1, 0, 1, ..., 0, 0, 1],
 [1, 0, 1, ..., 0, 0, 0],
 [0, 1, 0, ..., 0, 1, 0],
 ...,
 [1, 0, 0, ..., 0, 1, 1],
 [1, 0, 0, ..., 0, 1, 1],
 [1, 0, 1, ..., 0, 0, 1]]

